0.01 0.0101829
0.02 0.0205486
0.03 0.0310971
0.04 0.0418286
0.05 0.0527429
0.06 0.06384
0.07 0.07512
0.08 0.0865829
0.09 0.0982286
0.1 0.110057
0.11 0.122069
0.12 0.134263
0.13 0.14664
0.14 0.1592
0.15 0.171943
0.16 0.184869
0.17 0.197977
0.18 0.211269
0.19 0.224743
0.2 0.2384
0.21 0.25224
0.22 0.266263
0.23 0.280469
0.24 0.294857
0.25 0.309429
0.26 0.324183
0.27 0.33912
0.28 0.35424
0.29 0.369543
0.3 0.385029
0.31 0.400697
0.32 0.416549
0.33 0.432583
0.34 0.4488
0.35 0.4652
0.36 0.481783
0.37 0.498549
0.38 0.515497
0.39 0.532629
0.4 0.549943
0.41 0.56744
0.42 0.58512
0.43 0.602983
0.44 0.621029
0.45 0.639257
0.46 0.657669
0.47 0.676263
0.48 0.69504
0.49 0.714
0.5 0.733143
0.51 0.752469
0.52 0.771978
0.53 0.791669
0.54 0.811543
0.55 0.8316
0.56 0.85184
0.57 0.872263
0.58 0.892869
0.59 0.913658
0.6 0.934629
0.61 0.955783
0.62 0.977121
0.63 0.998641
0.64 1.02034
0.65 1.04223
0.66 1.0643
0.67 1.08655
0.68 1.10898
0.69 1.1316
0.7 1.1544
0.71 1.17738
0.72 1.20055
0.73 1.2239
0.74 1.24743
0.75 1.27114
0.76 1.29504
0.77 1.31912
0.78 1.34338
0.79 1.36783
0.8 1.39246
0.81 1.41727
0.82 1.44226
0.83 1.46744
0.839999 1.4928
0.849999 1.51834
0.859999 1.54407
0.869999 1.56998
0.879999 1.59607
0.889999 1.62234
0.899999 1.6488
0.909999 1.67544
0.919999 1.70226
0.929999 1.72927
0.939999 1.75646
0.949999 1.78383
0.959999 1.81138
0.969999 1.83912
0.979999 1.86704
0.989999 1.89514
0.999999 1.92343
1.01 1.9519
1.02 1.98055
1.03 2.00938
1.04 2.0384
1.05 2.0676
1.06 2.09698
1.07 2.12655
1.08 2.1563
1.09 2.18623
1.1 2.21635
1.11 2.24664
1.12 2.27712
1.13 2.30779
1.14 2.33863
1.15 2.36966
1.16 2.40087
1.17 2.43227
1.18 2.46384
1.19 2.4956
1.2 2.52755
1.21 2.55967
1.22 2.59198
1.23 2.62447
1.24 2.65715
1.25 2.69
1.26 2.72304
1.27 2.75627
1.28 2.78967
1.29 2.82326
1.3 2.85703
1.31 2.89099
1.32 2.92512
1.33 2.95944
1.34 2.99395
1.35 3.02863
1.36 3.0635
1.37 3.09855
1.38 3.13379
1.39 3.1692
1.4 3.2048
1.41 3.24059
1.42 3.27655
1.43 3.3127
1.44 3.34903
1.45 3.38555
1.46 3.42224
1.47 3.45912
1.48 3.49619
1.49 3.53343
1.5 3.57086
1.51 3.60847
1.52 3.64627
1.53 3.68424
1.54 3.7224
1.55 3.76075
1.56 3.79927
1.57 3.83798
1.58 3.87687
1.59 3.91595
1.6 3.9552
1.61 3.99465
1.62 4.03427
1.63 4.07407
1.64 4.11406
1.65 4.15423
1.66 4.19459
1.67 4.23513
1.68 4.27585
1.69 4.31675
1.7 4.35783
1.71 4.3991
1.72 4.44055
1.73 4.48219
1.74 4.52401
1.75 4.56601
1.76 4.60819
1.77 4.65056
1.78 4.6931
1.79 4.73584
1.8 4.77875
1.81 4.82185
1.82 4.86513
1.83 4.90859
1.84 4.95224
1.85 4.99606
1.86 5.04008
1.87 5.08427
1.88 5.12865
1.89 5.17321
1.9 5.21795
1.91 5.26288
1.92 5.30798
1.93 5.35328
1.94 5.39875
1.95 5.44441
1.96 5.49025
1.97 5.53627
1.98 5.58248
1.99 5.62887
2 5.67544
2.01 5.72219
2.02 5.76913
2.03 5.81625
2.04 5.86355
2.05 5.91104
2.06 5.95871
2.07 6.00656
2.08 6.05459
2.09 6.10281
2.1 6.15121
2.11 6.19979
2.12 6.24856
2.13 6.29751
2.14 6.34664
2.15 6.39595
2.16 6.44545
2.17 6.49513
2.18 6.54499
2.19 6.59504
2.2 6.64527
2.21 6.69568
2.22 6.74627
2.23 6.79705
2.24 6.84801
2.25 6.89915
2.26 6.95048
2.27 7.00199
2.28 7.05368
2.29 7.10555
2.3 7.15761
2.31 7.20985
2.32 7.26227
2.33 7.31488
2.34 7.36767
2.35 7.42064
2.36 7.47379
2.37 7.52713
2.38 7.58065
2.39 7.63435
2.4 7.68824
2.41 7.74231
2.42 7.79656
2.43 7.85099
2.44 7.90561
2.45 7.96041
2.46 8.01539
2.47 8.07056
2.48 8.12591
2.49 8.18144
2.5 8.23715
2.51 8.29305
2.52 8.34913
2.53 8.4054
2.54 8.46184
2.55 8.51847
2.56 8.57528
2.57 8.63228
2.58 8.68945
2.59 8.74681
2.6 8.80436
2.61 8.86208
2.62 8.91999
2.63 8.97808
2.64 9.03636
2.65 9.09481
2.66 9.15345
2.67 9.21228
2.68 9.27128
2.69 9.33047
2.7 9.38984
2.71 9.4494
2.72 9.50913
2.73 9.56905
2.74 9.62916
2.75 9.68944
2.76 9.74991
2.77 9.81056
2.78 9.8714
2.79 9.93242
2.8 9.99362
2.81 10.055
2.82 10.1166
2.83 10.1783
2.84 10.2402
2.85 10.3024
2.86 10.3647
2.87 10.4271
2.88 10.4898
2.89 10.5526
2.9 10.6157
2.91 10.6789
2.92 10.7423
2.93 10.8059
2.94 10.8696
2.95 10.9336
2.96 10.9977
2.97 11.062
2.98 11.1265
2.99 11.1912
3 11.256
3.01 11.3211
3.02 11.3863
3.03 11.4517
3.04 11.5173
3.05 11.583
3.06 11.649
3.07 11.7151
3.08 11.7815
3.09 11.848
3.1 11.9146
3.11 11.9815
3.12 12.0486
3.13 12.1158
3.14 12.1832
3.15 12.2508
3.16 12.3186
3.17 12.3866
3.18 12.4547
3.19 12.523
3.2 12.5916
3.21 12.6603
3.22 12.7291
3.23 12.7982
3.24 12.8674
3.25 12.9369
3.26 13.0065
3.27 13.0763
3.28 13.1463
3.29 13.2164
3.3 13.2868
3.31 13.3573
3.32 13.428
3.33 13.4989
3.34 13.57
3.35 13.6412
3.36 13.7127
3.37 13.7843
3.38 13.8561
3.39 13.9281
3.4 14.0003
3.41 14.0726
3.42 14.1451
3.43 14.2179
3.44 14.2908
3.45 14.3639
3.46 14.4371
3.47 14.5106
3.48 14.5842
3.49 14.658
3.5 14.732
3.51 14.8062
3.52 14.8806
3.53 14.9551
3.54 15.0299
3.55 15.1048
3.56 15.1799
3.57 15.2551
3.58 15.3306
3.59 15.4063
3.6 15.4821
3.61 15.5581
3.62 15.6343
3.63 15.7107
3.64 15.7872
3.65 15.864
3.66 15.9409
3.67 16.018
3.68 16.0953
3.69 16.1728
3.7 16.2504
3.71 16.3283
3.72 16.4063
3.73 16.4845
3.74 16.5629
3.75 16.6415
3.76 16.7202
3.77 16.7991
3.78 16.8783
3.79 16.9576
3.8 17.0371
3.81 17.1167
3.82 17.1966
3.83 17.2766
3.84 17.3568
3.85 17.4372
3.86 17.5178
3.87 17.5986
3.88 17.6795
3.89 17.7607
3.9 17.842
3.91 17.9235
3.92 18.0051
3.93 18.087
3.94 18.1691
3.95 18.2513
3.96 18.3337
3.97 18.4163
3.98 18.4991
3.99 18.582
4 18.6652
4.01 18.7485
4.02 18.832
4.03 18.9157
4.04 18.9996
4.05 19.0836
4.06 19.1679
4.07 19.2523
4.08 19.3369
4.09 19.4217
4.1 19.5067
4.11 19.5918
4.12 19.6772
4.13 19.7627
4.14 19.8484
4.15 19.9343
4.16 20.0203
4.17 20.1066
4.18 20.193
4.19 20.2796
4.2 20.3664
4.21 20.4534
4.22 20.5406
4.23 20.6279
4.24 20.7155
4.25 20.8032
4.26 20.8911
4.27 20.9792
4.28 21.0674
4.29 21.1559
4.3 21.2445
4.31 21.3333
4.32 21.4223
4.33 21.5115
4.34 21.6008
4.35 21.6904
4.36 21.7801
4.37001 21.87
4.38001 21.9601
4.39001 22.0504
4.40001 22.1408
4.41001 22.2315
4.42001 22.3223
4.43001 22.4133
4.44001 22.5045
4.45001 22.5959
4.46001 22.6874
4.47001 22.7792
4.48001 22.8711
4.49001 22.9632
4.50001 23.0555
4.51001 23.1479
4.52001 23.2406
4.53001 23.3334
4.54001 23.4264
4.55001 23.5196
4.56001 23.613
4.57001 23.7066
4.58001 23.8003
4.59001 23.8943
4.60001 23.9884
4.61001 24.0827
4.62001 24.1772
4.63001 24.2718
4.64001 24.3667
4.65001 24.4617
4.66001 24.5569
4.67001 24.6523
4.68001 24.7479
4.69001 24.8436
4.70001 24.9396
4.71001 25.0357
4.72001 25.132
4.73001 25.2285
4.74001 25.3252
4.75001 25.422
4.76001 25.5191
4.77001 25.6163
4.78001 25.7137
4.79001 25.8113
4.80001 25.9091
4.81002 26.007
4.82002 26.1052
4.83002 26.2035
4.84002 26.302
4.85002 26.4007
4.86002 26.4995
4.87002 26.5986
4.88002 26.6978
4.89002 26.7972
4.90002 26.8968
4.91002 26.9966
4.92002 27.0966
4.93002 27.1967
4.94002 27.2971
4.95002 27.3976
4.96002 27.4983
4.97002 27.5992
4.98002 27.7002
4.99002 27.8015
5.00002 27.9029
5.01002 28.0045
5.02002 28.1063
5.03002 28.2083
5.04002 28.3104
5.05002 28.4128
5.06002 28.5153
5.07002 28.618
5.08002 28.7209
5.09002 28.824
5.10002 28.9272
5.11002 29.0307
5.12002 29.1343
5.13002 29.2381
5.14002 29.3421
5.15002 29.4463
5.16002 29.5506
5.17002 29.6552
5.18002 29.7599
5.19002 29.8648
5.20002 29.9699
5.21002 30.0751
5.22002 30.1806
5.23002 30.2862
5.24003 30.3921
5.25003 30.4981
5.26003 30.6042
5.27003 30.7106
5.28003 30.8172
5.29003 30.9239
5.30003 31.0308
5.31003 31.1379
5.32003 31.2452
5.33003 31.3526
5.34003 31.4603
5.35003 31.5681
5.36003 31.6761
5.37003 31.7843
5.38003 31.8927
5.39003 32.0013
5.40003 32.11
5.41003 32.2189
5.42003 32.328
5.43003 32.4373
5.44003 32.5468
5.45003 32.6565
5.46003 32.7663
5.47003 32.8763
5.48003 32.9865
5.49003 33.0969
5.50003 33.2075
5.51003 33.3182
5.52003 33.4292
5.53003 33.5403
5.54003 33.6516
5.55003 33.7631
5.56003 33.8748
5.57003 33.9866
5.58003 34.0986
5.59003 34.2109
5.60003 34.3233
5.61003 34.4358
5.62003 34.5486
5.63003 34.6616
5.64003 34.7747
5.65003 34.888
5.66003 35.0015
5.67003 35.1152
5.68004 35.229
5.69004 35.3431
5.70004 35.4573
5.71004 35.5717
5.72004 35.6863
5.73004 35.8011
5.74004 35.9161
5.75004 36.0312
5.76004 36.1465
5.77004 36.262
5.78004 36.3777
5.79004 36.4936
5.80004 36.6097
5.81004 36.7259
5.82004 36.8423
5.83004 36.9589
5.84004 37.0757
5.85004 37.1927
5.86004 37.3098
5.87004 37.4272
5.88004 37.5447
5.89004 37.6624
5.90004 37.7803
5.91004 37.8984
5.92004 38.0166
5.93004 38.135
5.94004 38.2537
5.95004 38.3725
5.96004 38.4914
5.97004 38.6106
5.98004 38.73
5.99004 38.8495
6.00004 38.9692
6.01004 39.0891
6.02004 39.2092
6.03004 39.3294
6.04004 39.4499
6.05004 39.5705
6.06004 39.6913
6.07004 39.8123
6.08004 39.9335
6.09004 40.0549
6.10004 40.1764
6.11004 40.2981
6.12005 40.42
6.13005 40.5421
6.14005 40.6644
6.15005 40.7869
6.16005 40.9095
6.17005 41.0323
6.18005 41.1553
6.19005 41.2785
6.20005 41.4019
6.21005 41.5255
6.22005 41.6492
6.23005 41.7731
6.24005 41.8972
6.25005 42.0215
6.26005 42.146
6.27005 42.2706
6.28005 42.3955
6.29005 42.5205
6.30005 42.6457
6.31005 42.7711
6.32005 42.8966
6.33005 43.0224
6.34005 43.1483
6.35005 43.2744
6.36005 43.4007
6.37005 43.5272
6.38005 43.6539
6.39005 43.7807
6.40005 43.9077
6.41005 44.0349
6.42005 44.1623
6.43005 44.2899
6.44005 44.4177
6.45005 44.5456
6.46005 44.6737
6.47005 44.8021
6.48005 44.9305
6.49005 45.0592
6.50005 45.1881
6.51005 45.3171
6.52005 45.4463
6.53005 45.5757
6.54005 45.7053
6.55006 45.8351
6.56006 45.9651
6.57006 46.0952
6.58006 46.2255
6.59006 46.356
6.60006 46.4867
6.61006 46.6176
6.62006 46.7486
6.63006 46.8799
6.64006 47.0113
6.65006 47.1429
6.66006 47.2747
6.67006 47.4066
6.68006 47.5388
6.69006 47.6711
6.70006 47.8036
6.71006 47.9363
6.72006 48.0692
6.73006 48.2023
6.74006 48.3355
6.75006 48.4689
6.76006 48.6026
6.77006 48.7363
6.78006 48.8703
6.79006 49.0045
6.80006 49.1388
6.81006 49.2733
6.82006 49.4081
6.83006 49.5429
6.84006 49.678
6.85006 49.8133
6.86006 49.9487
6.87006 50.0843
6.88006 50.2202
6.89006 50.3561
6.90006 50.4923
6.91006 50.6287
6.92006 50.7652
6.93006 50.9019
6.94006 51.0388
6.95006 51.1759
6.96006 51.3132
6.97006 51.4506
6.98006 51.5883
6.99007 51.7261
7.00007 51.8641
7.01007 52.0023
7.02007 52.1406
7.03007 52.2792
7.04007 52.4179
7.05007 52.5568
7.06007 52.6959
7.07007 52.8352
7.08007 52.9747
7.09007 53.1143
7.10007 53.2541
7.11007 53.3942
7.12007 53.5344
7.13007 53.6747
7.14007 53.8153
7.15007 53.956
7.16007 54.097
7.17007 54.2381
7.18007 54.3794
7.19007 54.5208
7.20007 54.6625
7.21007 54.8043
7.22007 54.9464
7.23007 55.0886
7.24007 55.231
7.25007 55.3735
7.26007 55.5163
7.27007 55.6592
7.28007 55.8023
7.29007 55.9456
7.30007 56.0891
7.31007 56.2328
7.32007 56.3766
7.33007 56.5207
7.34007 56.6649
7.35007 56.8093
7.36007 56.9539
7.37007 57.0987
7.38007 57.2436
7.39007 57.3887
7.40007 57.534
7.41007 57.6795
7.42007 57.8252
7.43008 57.9711
7.44008 58.1171
7.45008 58.2634
7.46008 58.4098
7.47008 58.5564
7.48008 58.7031
7.49008 58.8501
7.50008 58.9972
7.51008 59.1446
7.52008 59.2921
7.53008 59.4398
7.54008 59.5876
7.55008 59.7357
7.56008 59.8839
7.57008 60.0324
7.58008 60.181
7.59008 60.3298
7.60008 60.4787
7.61008 60.6279
7.62008 60.7772
7.63008 60.9267
7.64008 61.0764
7.65008 61.2263
7.66008 61.3764
7.67008 61.5267
7.68008 61.6771
7.69008 61.8277
7.70008 61.9785
7.71008 62.1295
7.72008 62.2807
7.73008 62.432
7.74008 62.5835
7.75008 62.7352
7.76008 62.8871
7.77008 63.0392
7.78008 63.1915
7.79008 63.3439
7.80008 63.4966
7.81008 63.6494
7.82008 63.8024
7.83008 63.9556
7.84008 64.1089
7.85008 64.2625
7.86009 64.4162
7.87009 64.5701
7.88009 64.7242
7.89009 64.8785
7.90009 65.0329
7.91009 65.1876
7.92009 65.3424
7.93009 65.4974
7.94009 65.6526
7.95009 65.8079
7.96009 65.9635
7.97009 66.1192
7.98009 66.2752
7.99009 66.4313
8.00009 66.5876
8.01009 66.744
8.02009 66.9007
8.03009 67.0575
8.04009 67.2145
8.05009 67.3717
8.06009 67.5291
8.07009 67.6867
8.08009 67.8444
8.09009 68.0024
8.10009 68.1605
8.11009 68.3188
8.12009 68.4772
8.13009 68.6359
8.14009 68.7948
8.15009 68.9538
8.16009 69.113
8.17009 69.2724
8.18009 69.432
8.19009 69.5917
8.20009 69.7517
8.21009 69.9118
8.22009 70.0721
8.23009 70.2326
8.24009 70.3933
8.25009 70.5541
8.26009 70.7152
8.27009 70.8764
8.28009 71.0378
8.29009 71.1994
8.30009 71.3612
8.31009 71.5231
8.3201 71.6853
8.3301 71.8476
8.3401 72.0101
8.3501 72.1728
8.3601 72.3356
8.3701 72.4987
8.3801 72.6619
8.3901 72.8253
8.4001 72.9889
8.4101 73.1527
8.4201 73.3167
8.4301 73.4808
8.4401 73.6452
8.4501 73.8097
8.4601 73.9744
8.4701 74.1393
8.4801 74.3043
8.4901 74.4696
8.5001 74.635
8.5101 74.8006
8.5201 74.9664
8.5301 75.1324
8.5401 75.2985
8.5501 75.4649
8.5601 75.6314
8.5701 75.7981
8.5801 75.965
8.5901 76.1321
8.6001 76.2993
8.6101 76.4668
8.6201 76.6344
8.6301 76.8022
8.6401 76.9702
8.6501 77.1384
8.6601 77.3067
8.6701 77.4753
8.6801 77.644
8.6901 77.8129
8.7001 77.982
8.7101 78.1513
8.7201 78.3207
8.7301 78.4903
8.7401 78.6601
8.7501 78.8301
8.76011 79.0003
8.77011 79.1707
8.78011 79.3412
8.79011 79.512
8.80011 79.6829
8.81011 79.854
8.82011 80.0253
8.83011 80.1967
8.84011 80.3684
8.85011 80.5402
8.86011 80.7122
8.87011 80.8844
8.88011 81.0568
8.89011 81.2293
8.90011 81.4021
8.91011 81.575
8.92011 81.7481
8.93011 81.9214
8.94011 82.0949
8.95011 82.2686
8.96011 82.4424
8.97011 82.6164
8.98011 82.7906
8.99011 82.965
9.00011 83.1396
9.01011 83.3144
9.02011 83.4893
9.03011 83.6644
9.04011 83.8397
9.05011 84.0152
9.06011 84.1909
9.07011 84.3667
9.08011 84.5427
9.09011 84.719
9.10011 84.8954
9.11011 85.0719
9.12011 85.2487
9.13011 85.4257
9.14011 85.6028
9.15011 85.7801
9.16011 85.9576
9.17011 86.1353
9.18011 86.3131
9.19011 86.4912
9.20012 86.6694
9.21012 86.8478
9.22012 87.0264
9.23012 87.2052
9.24012 87.3842
9.25012 87.5633
9.26012 87.7426
9.27012 87.9222
9.28012 88.1019
9.29012 88.2817
9.30012 88.4618
9.31012 88.642
9.32012 88.8224
9.33012 89.003
9.34012 89.1838
9.35012 89.3648
9.36012 89.546
9.37012 89.7273
9.38012 89.9088
9.39012 90.0905
9.40012 90.2724
9.41012 90.4545
9.42012 90.6367
9.43012 90.8191
9.44012 91.0018
9.45012 91.1846
9.46012 91.3675
9.47012 91.5507
9.48012 91.7341
9.49012 91.9176
9.50012 92.1013
9.51012 92.2852
9.52012 92.4693
9.53012 92.6536
9.54012 92.838
9.55012 93.0226
9.56012 93.2075
9.57012 93.3924
9.58012 93.5776
9.59012 93.763
9.60012 93.9485
9.61012 94.1343
9.62012 94.3202
9.63013 94.5063
9.64013 94.6925
9.65013 94.879
9.66013 95.0656
9.67013 95.2524
9.68013 95.4394
9.69013 95.6266
9.70013 95.814
9.71013 96.0016
9.72013 96.1893
9.73013 96.3772
9.74013 96.5653
9.75013 96.7536
9.76013 96.9421
9.77013 97.1307
9.78013 97.3196
9.79013 97.5086
9.80013 97.6978
9.81013 97.8872
9.82013 98.0767
9.83013 98.2665
9.84013 98.4564
9.85013 98.6465
9.86013 98.8368
9.87013 99.0273
9.88013 99.218
9.89013 99.4088
9.90013 99.5999
9.91013 99.7911
9.92013 99.9825
9.93013 100.174
9.94013 100.366
9.95013 100.558
9.96013 100.75
9.97013 100.942
9.98013 101.135
9.99013 101.327
10.0001 101.52
10.0101 101.713
10.0201 101.906
10.0301 102.1
10.0401 102.293
10.0501 102.487
10.0601 102.681
10.0701 102.875
10.0801 103.07
10.0901 103.264
10.1001 103.459
10.1101 103.654
10.1201 103.849
10.1301 104.044
10.1401 104.239
10.1501 104.435
10.1601 104.631
10.1701 104.827
10.1801 105.023
10.1901 105.219
10.2001 105.416
10.2101 105.612
10.2201 105.809
10.2301 106.006
10.2401 106.204
10.2501 106.401
10.2601 106.599
10.2701 106.796
10.2801 106.994
10.2901 107.193
10.3001 107.391
10.3101 107.589
10.3201 107.788
10.3301 107.987
10.3401 108.186
10.3501 108.385
10.3601 108.585
10.3701 108.784
10.3801 108.984
10.3901 109.184
10.4001 109.384
10.4101 109.585
10.4201 109.785
10.4301 109.986
10.4401 110.187
10.4501 110.388
10.4601 110.589
10.4701 110.791
10.4801 110.992
10.4901 111.194
10.5001 111.396
10.5101 111.598
10.5201 111.801
10.5301 112.003
10.5401 112.206
10.5501 112.409
10.5601 112.612
10.5701 112.815
10.5801 113.019
10.5901 113.222
10.6001 113.426
10.6101 113.63
10.6201 113.834
10.6301 114.039
10.6401 114.243
10.6501 114.448
10.6601 114.653
10.6701 114.858
10.6801 115.063
10.6901 115.269
10.7001 115.475
10.7101 115.68
10.7201 115.886
10.7302 116.093
10.7402 116.299
10.7502 116.506
10.7602 116.712
10.7702 116.919
10.7802 117.126
10.7902 117.334
10.8002 117.541
10.8102 117.749
10.8202 117.957
10.8302 118.165
10.8402 118.373
10.8502 118.581
10.8602 118.79
10.8702 118.999
10.8802 119.208
10.8902 119.417
10.9002 119.626
10.9102 119.836
10.9202 120.045
10.9302 120.255
10.9402 120.465
10.9502 120.675
10.9602 120.886
10.9702 121.096
10.9802 121.307
10.9902 121.518
11.0002 121.729
11.0102 121.941
11.0202 122.152
11.0302 122.364
11.0402 122.576
11.0502 122.788
11.0602 123
11.0702 123.212
11.0802 123.425
11.0902 123.638
11.1002 123.851
11.1102 124.064
11.1202 124.277
11.1302 124.491
11.1402 124.705
11.1502 124.918
11.1602 125.133
11.1702 125.347
11.1802 125.561
11.1902 125.776
11.2002 125.991
11.2102 126.206
11.2202 126.421
11.2302 126.636
11.2402 126.852
11.2502 127.067
11.2602 127.283
11.2702 127.499
11.2802 127.716
11.2902 127.932
11.3002 128.149
11.3102 128.365
11.3202 128.582
11.3302 128.8
11.3402 129.017
11.3502 129.235
11.3602 129.452
11.3702 129.67
11.3802 129.888
11.3902 130.107
11.4002 130.325
11.4102 130.544
11.4202 130.763
11.4302 130.982
11.4402 131.201
11.4502 131.42
11.4602 131.64
11.4702 131.859
11.4802 132.079
11.4902 132.299
11.5002 132.52
11.5102 132.74
11.5202 132.961
11.5302 133.182
11.5402 133.403
11.5502 133.624
11.5602 133.845
11.5702 134.067
11.5802 134.289
11.5902 134.511
11.6002 134.733
11.6102 134.955
11.6202 135.177
11.6302 135.4
11.6402 135.623
11.6502 135.846
11.6602 136.069
11.6702 136.293
11.6802 136.516
11.6902 136.74
11.7002 136.964
11.7102 137.188
11.7202 137.412
11.7302 137.637
11.7402 137.861
11.7502 138.086
11.7602 138.311
11.7702 138.537
11.7802 138.762
11.7902 138.988
11.8002 139.213
11.8102 139.439
11.8202 139.665
11.8302 139.892
11.8402 140.118
11.8502 140.345
11.8602 140.572
11.8702 140.799
11.8802 141.026
11.8902 141.253
11.9002 141.481
11.9102 141.709
11.9202 141.937
11.9302 142.165
11.9402 142.393
11.9502 142.622
11.9602 142.85
11.9702 143.079
11.9802 143.308
11.9902 143.538
12.0002 143.767
12.0102 143.997
12.0202 144.227
12.0302 144.457
12.0402 144.687
12.0502 144.917
12.0602 145.148
12.0702 145.378
12.0802 145.609
12.0902 145.84
12.1002 146.072
12.1102 146.303
12.1202 146.535
12.1302 146.766
12.1402 146.998
12.1502 147.231
12.1602 147.463
12.1702 147.695
12.1802 147.928
12.1902 148.161
12.2002 148.394
12.2102 148.627
12.2202 148.861
12.2302 149.095
12.2402 149.328
12.2502 149.562
12.2602 149.797
12.2702 150.031
12.2802 150.265
12.2902 150.5
12.3002 150.735
12.3102 150.97
12.3202 151.205
12.3302 151.441
12.3402 151.677
12.3502 151.912
12.3602 152.148
12.3702 152.385
12.3802 152.621
12.3902 152.857
12.4002 153.094
12.4102 153.331
12.4202 153.568
12.4302 153.806
12.4402 154.043
12.4502 154.281
12.4602 154.519
12.4702 154.757
12.4802 154.995
12.4902 155.233
12.5002 155.472
12.5102 155.71
12.5202 155.949
12.5302 156.189
12.5402 156.428
12.5502 156.667
12.5602 156.907
12.5702 157.147
12.5802 157.387
12.5902 157.627
12.6002 157.867
12.6102 158.108
12.6202 158.349
12.6302 158.59
12.6402 158.831
12.6502 159.072
12.6602 159.314
12.6702 159.555
12.6802 159.797
12.6902 160.039
12.7002 160.282
12.7102 160.524
12.7202 160.767
12.7302 161.009
12.7402 161.252
12.7502 161.495
12.7602 161.739
12.7702 161.982
12.7802 162.226
12.7902 162.47
12.8002 162.714
12.8102 162.958
12.8202 163.203
12.8302 163.447
12.8402 163.692
12.8502 163.937
12.8602 164.182
12.8702 164.428
12.8802 164.673
12.8902 164.919
12.9002 165.165
12.9102 165.411
12.9202 165.657
12.9302 165.903
12.9402 166.15
12.9502 166.397
12.9602 166.644
12.9702 166.891
12.9802 167.138
12.9902 167.386
13.0002 167.633
13.0102 167.881
13.0202 168.129
13.0302 168.378
13.0402 168.626
13.0502 168.875
13.0602 169.124
13.0702 169.373
13.0802 169.622
13.0902 169.871
13.1002 170.121
13.1102 170.37
13.1202 170.62
13.1302 170.87
13.1402 171.121
13.1502 171.371
13.1602 171.622
13.1702 171.873
13.1802 172.124
13.1902 172.375
13.2002 172.626
13.2102 172.878
13.2202 173.129
13.2302 173.381
13.2402 173.633
13.2502 173.886
13.2602 174.138
13.2702 174.391
13.2802 174.644
13.2902 174.897
13.3002 175.15
13.3102 175.403
13.3202 175.657
13.3302 175.911
13.3402 176.165
13.3502 176.419
13.3602 176.673
13.3702 176.928
13.3802 177.182
13.3902 177.437
13.4002 177.692
13.4102 177.947
13.4202 178.203
13.4302 178.458
13.4402 178.714
13.4502 178.97
13.4602 179.226
13.4702 179.482
13.4802 179.739
13.4902 179.996
13.5002 180.252
13.5102 180.509
13.5202 180.767
13.5302 181.024
13.5402 181.282
13.5502 181.539
13.5602 181.797
13.5702 182.055
13.5802 182.314
13.5902 182.572
13.6002 182.831
13.6102 183.09
13.6202 183.349
13.6302 183.608
13.6402 183.868
13.6502 184.127
13.6602 184.387
13.6702 184.647
13.6802 184.907
13.6902 185.167
13.7002 185.428
13.7102 185.689
13.7202 185.949
13.7302 186.211
13.7402 186.472
13.7502 186.733
13.7602 186.995
13.7702 187.257
13.7802 187.519
13.7902 187.781
13.8002 188.043
13.8102 188.306
13.8202 188.568
13.8302 188.831
13.8402 189.094
13.8502 189.358
13.8602 189.621
13.8702 189.885
13.8802 190.148
13.8902 190.412
13.9002 190.677
13.9102 190.941
13.9202 191.206
13.9302 191.47
13.9402 191.735
13.9502 192
13.9602 192.266
13.9702 192.531
13.9802 192.797
13.9902 193.062
14.0002 193.328
14.0102 193.595
14.0202 193.861
14.0302 194.128
14.0402 194.394
14.0502 194.661
14.0602 194.928
14.0702 195.196
14.0802 195.463
14.0902 195.731
14.1002 195.999
14.1102 196.267
14.1202 196.535
14.1302 196.803
14.1402 197.072
14.1502 197.34
14.1602 197.609
14.1702 197.878
14.1802 198.148
14.1902 198.417
14.2002 198.687
14.2102 198.957
14.2202 199.227
14.2302 199.497
14.2402 199.767
14.2502 200.038
14.2602 200.309
14.2702 200.579
14.2802 200.851
14.2902 201.122
14.3002 201.393
14.3102 201.665
14.3202 201.937
14.3302 202.209
14.3402 202.481
14.3502 202.754
14.3602 203.026
14.3702 203.299
14.3802 203.572
14.3902 203.845
14.4002 204.118
14.4102 204.392
14.4202 204.665
14.4302 204.939
14.4402 205.213
14.4502 205.488
14.4602 205.762
14.4702 206.037
14.4802 206.311
14.4902 206.586
14.5002 206.862
14.5102 207.137
14.5202 207.412
14.5302 207.688
14.5402 207.964
14.5502 208.24
14.5602 208.516
14.5702 208.793
14.5802 209.069
14.5902 209.346
14.6002 209.623
14.6102 209.9
14.6202 210.178
14.6302 210.455
14.6402 210.733
14.6502 211.011
14.6602 211.289
14.6702 211.567
14.6802 211.845
14.6902 212.124
14.7002 212.403
14.7102 212.682
14.7202 212.961
14.7302 213.24
14.7402 213.52
14.7502 213.8
14.7602 214.079
14.7702 214.36
14.7802 214.64
14.7902 214.92
14.8002 215.201
14.8102 215.482
14.8202 215.763
14.8302 216.044
14.8402 216.325
14.8502 216.607
14.8602 216.888
14.8702 217.17
14.8802 217.452
14.8902 217.735
14.9002 218.017
14.9102 218.3
14.9202 218.583
14.9302 218.866
14.9402 219.149
14.9502 219.432
14.9602 219.716
14.9702 220
14.9802 220.283
14.9902 220.568
15.0002 220.852
15.0102 221.136
15.0202 221.421
15.0302 221.706
15.0402 221.991
15.0502 222.276
15.0602 222.561
15.0702 222.847
15.0802 223.133
15.0903 223.419
15.1003 223.705
15.1103 223.991
15.1203 224.278
15.1303 224.564
15.1403 224.851
15.1503 225.138
15.1603 225.425
15.1703 225.713
15.1803 226
15.1903 226.288
15.2003 226.576
15.2103 226.864
15.2203 227.152
15.2303 227.441
15.2403 227.73
15.2503 228.019
15.2603 228.308
15.2703 228.597
15.2803 228.886
15.2903 229.176
15.3003 229.466
15.3103 229.756
15.3203 230.046
15.3303 230.336
15.3403 230.626
15.3503 230.917
15.3603 231.208
15.3703 231.499
15.3803 231.79
15.3903 232.082
15.4003 232.373
15.4103 232.665
15.4203 232.957
15.4303 233.249
15.4403 233.541
15.4503 233.834
15.4603 234.127
15.4703 234.42
15.4803 234.713
15.4903 235.006
15.5003 235.299
15.5103 235.593
15.5203 235.887
15.5303 236.181
15.5403 236.475
15.5503 236.769
15.5603 237.064
15.5703 237.358
15.5803 237.653
15.5903 237.948
15.6003 238.244
15.6103 238.539
15.6203 238.835
15.6303 239.131
15.6403 239.426
15.6503 239.723
15.6603 240.019
15.6703 240.316
15.6803 240.612
15.6903 240.909
15.7003 241.206
15.7103 241.504
15.7203 241.801
15.7303 242.099
15.7403 242.396
15.7503 242.694
15.7603 242.993
15.7703 243.291
15.7803 243.59
15.7903 243.888
15.8003 244.187
15.8103 244.486
15.8203 244.786
15.8303 245.085
15.8403 245.385
15.8503 245.685
15.8603 245.985
15.8703 246.285
15.8803 246.585
15.8903 246.886
15.9003 247.187
15.9103 247.487
15.9203 247.789
15.9303 248.09
15.9403 248.391
15.9503 248.693
15.9603 248.995
15.9703 249.297
15.9803 249.599
15.9903 249.901
16.0003 250.204
16.0103 250.507
16.0203 250.81
16.0303 251.113
16.0403 251.416
16.0503 251.72
16.0603 252.023
16.0703 252.327
16.0803 252.631
16.0903 252.935
16.1003 253.24
16.1103 253.544
16.1203 253.849
16.1303 254.154
16.1403 254.459
16.1503 254.764
16.1603 255.07
16.1703 255.376
16.1803 255.681
16.1903 255.988
16.2003 256.294
16.2103 256.6
16.2203 256.907
16.2303 257.214
16.2403 257.52
16.2503 257.828
16.2603 258.135
16.2703 258.442
16.2803 258.75
16.2903 259.058
16.3003 259.366
16.3103 259.674
16.3203 259.983
16.3303 260.291
16.3403 260.6
16.3503 260.909
16.3603 261.218
16.3703 261.527
16.3803 261.837
16.3903 262.147
16.4003 262.457
16.4103 262.767
16.4203 263.077
16.4303 263.387
16.4403 263.698
16.4503 264.009
16.4603 264.32
16.4703 264.631
16.4803 264.942
16.4903 265.254
16.5003 265.565
16.5103 265.877
16.5203 266.189
16.5303 266.502
16.5403 266.814
16.5503 267.127
16.5603 267.439
16.5703 267.752
16.5803 268.066
16.5903 268.379
16.6003 268.692
16.6103 269.006
16.6203 269.32
16.6303 269.634
16.6403 269.948
16.6503 270.263
16.6603 270.578
16.6703 270.892
16.6803 271.207
16.6903 271.523
16.7003 271.838
16.7103 272.153
16.7203 272.469
16.7303 272.785
16.7403 273.101
16.7503 273.418
16.7603 273.734
16.7703 274.051
16.7803 274.367
16.7903 274.684
16.8003 275.002
16.8103 275.319
16.8203 275.637
16.8303 275.954
16.8403 276.272
16.8503 276.59
16.8603 276.909
16.8703 277.227
16.8803 277.546
16.8903 277.865
16.9003 278.184
16.9103 278.503
16.9203 278.822
16.9303 279.142
16.9403 279.462
16.9503 279.782
16.9603 280.102
16.9703 280.422
16.9803 280.743
16.9903 281.063
17.0003 281.384
17.0103 281.705
17.0203 282.026
17.0303 282.348
17.0403 282.669
17.0503 282.991
17.0603 283.313
17.0703 283.635
17.0803 283.958
17.0903 284.28
17.1003 284.603
17.1103 284.926
17.1203 285.249
17.1303 285.572
17.1403 285.895
17.1503 286.219
17.1603 286.543
17.1703 286.867
17.1803 287.191
17.1903 287.515
17.2003 287.84
17.2103 288.165
17.2203 288.489
17.2303 288.814
17.2403 289.14
17.2503 289.465
17.2603 289.791
17.2703 290.117
17.2803 290.443
17.2903 290.769
17.3003 291.095
17.3103 291.422
17.3203 291.748
17.3303 292.075
17.3403 292.402
17.3503 292.73
17.3603 293.057
17.3703 293.385
17.3803 293.713
17.3903 294.041
17.4003 294.369
17.4103 294.697
17.4203 295.026
17.4303 295.354
17.4403 295.683
17.4503 296.012
17.4603 296.342
17.4703 296.671
17.4803 297.001
17.4903 297.33
17.5003 297.66
17.5103 297.991
17.5203 298.321
17.5303 298.651
17.5403 298.982
17.5503 299.313
17.5603 299.644
17.5703 299.975
17.5803 300.307
17.5903 300.639
17.6003 300.97
17.6103 301.302
17.6203 301.635
17.6303 301.967
17.6403 302.299
17.6503 302.632
17.6603 302.965
17.6703 303.298
17.6803 303.631
17.6903 303.965
17.7003 304.299
17.7103 304.632
17.7203 304.966
17.7303 305.301
17.7403 305.635
17.7503 305.97
17.7603 306.304
17.7703 306.639
17.7803 306.974
17.7903 307.31
17.8003 307.645
17.8103 307.981
17.8203 308.317
17.8303 308.653
17.8403 308.989
17.8503 309.325
17.8603 309.662
17.8703 309.999
17.8803 310.336
17.8903 310.673
17.9003 311.01
17.9103 311.348
17.9203 311.685
17.9303 312.023
17.9403 312.361
17.9503 312.699
17.9603 313.038
17.9703 313.376
17.9803 313.715
17.9903 314.054
18.0003 314.393
18.0103 314.733
18.0203 315.072
18.0303 315.412
18.0403 315.752
18.0503 316.092
18.0603 316.432
18.0703 316.772
18.0803 317.113
18.0903 317.454
18.1003 317.795
18.1103 318.136
18.1203 318.477
18.1303 318.819
18.1403 319.16
18.1503 319.502
18.1603 319.844
18.1703 320.187
18.1803 320.529
18.1903 320.872
18.2003 321.214
18.2103 321.557
18.2203 321.901
18.2303 322.244
18.2403 322.588
18.2503 322.931
18.2603 323.275
18.2703 323.619
18.2803 323.964
18.2903 324.308
18.3003 324.653
18.3103 324.997
18.3203 325.342
18.3303 325.688
18.3403 326.033
18.3503 326.379
18.3603 326.724
18.3703 327.07
18.3803 327.416
18.3903 327.763
18.4003 328.109
18.4103 328.456
18.4203 328.802
18.4303 329.15
18.4403 329.497
18.4503 329.844
18.4603 330.192
18.4703 330.539
18.4803 330.887
18.4903 331.235
18.5003 331.584
18.5103 331.932
18.5203 332.281
18.5303 332.63
18.5403 332.979
18.5503 333.328
18.5603 333.677
18.5703 334.027
18.5803 334.377
18.5903 334.727
18.6003 335.077
18.6103 335.427
18.6203 335.777
18.6303 336.128
18.6403 336.479
18.6503 336.83
18.6603 337.181
18.6703 337.532
18.6803 337.884
18.6903 338.236
18.7003 338.588
18.7103 338.94
18.7203 339.292
18.7303 339.645
18.7403 339.997
18.7503 340.35
18.7603 340.703
18.7703 341.056
18.7803 341.41
18.7903 341.763
18.8003 342.117
18.8103 342.471
18.8203 342.825
18.8303 343.179
18.8403 343.534
18.8503 343.889
18.8603 344.243
18.8703 344.599
18.8803 344.954
18.8903 345.309
18.9003 345.665
18.9103 346.021
18.9203 346.376
18.9303 346.733
18.9403 347.089
18.9503 347.445
18.9603 347.802
18.9703 348.159
18.9803 348.516
18.9903 348.873
19.0003 349.231
19.0103 349.588
19.0203 349.946
19.0303 350.304
19.0403 350.662
19.0503 351.021
19.0603 351.379
19.0703 351.738
19.0803 352.097
19.0903 352.456
19.1003 352.815
19.1103 353.174
19.1203 353.534
19.1303 353.894
19.1403 354.254
19.1503 354.614
19.1603 354.974
19.1703 355.335
19.1803 355.696
19.1903 356.057
19.2003 356.418
19.2103 356.779
19.2203 357.14
19.2303 357.502
19.2403 357.864
19.2503 358.226
19.2603 358.588
19.2703 358.95
19.2803 359.313
19.2903 359.676
19.3003 360.039
19.3103 360.402
19.3203 360.765
19.3303 361.128
19.3403 361.492
19.3503 361.856
19.3603 362.22
19.3703 362.584
19.3803 362.948
19.3903 363.313
19.4003 363.678
19.4103 364.043
19.4203 364.408
19.4303 364.773
19.4403 365.139
19.4503 365.504
19.4604 365.87
19.4704 366.236
19.4804 366.602
19.4904 366.969
19.5004 367.335
19.5104 367.702
19.5204 368.069
19.5304 368.436
19.5404 368.803
19.5504 369.171
19.5604 369.539
19.5704 369.906
19.5804 370.274
19.5904 370.643
19.6004 371.011
19.6104 371.38
19.6204 371.748
19.6304 372.117
19.6404 372.487
19.6504 372.856
19.6604 373.225
19.6704 373.595
19.6804 373.965
19.6904 374.335
19.7004 374.705
19.7104 375.076
19.7204 375.446
19.7304 375.817
19.7404 376.188
19.7504 376.559
19.7604 376.93
19.7704 377.302
19.7804 377.674
19.7904 378.045
19.8004 378.417
19.8104 378.79
19.8204 379.162
19.8304 379.535
19.8404 379.907
19.8504 380.28
19.8604 380.654
19.8704 381.027
19.8804 381.4
19.8904 381.774
19.9004 382.148
19.9104 382.522
19.9204 382.896
19.9304 383.271
19.9404 383.645
19.9504 384.02
19.9604 384.395
19.9704 384.77
19.9804 385.145
19.9904 385.521
20.0004 385.897
20.0104 386.273
20.0204 386.649
20.0304 387.025
20.0404 387.401
20.0504 387.778
20.0604 388.155
20.0704 388.532
20.0804 388.909
20.0904 389.286
20.1004 389.664
20.1104 390.041
20.1204 390.419
20.1304 390.797
20.1404 391.176
20.1504 391.554
20.1604 391.933
20.1704 392.312
20.1804 392.691
20.1904 393.07
20.2004 393.449
20.2104 393.829
20.2204 394.208
20.2304 394.588
20.2404 394.968
20.2504 395.349
20.2604 395.729
20.2704 396.11
20.2804 396.491
20.2904 396.872
20.3004 397.253
20.3104 397.634
20.3204 398.016
20.3304 398.398
20.3404 398.779
20.3504 399.162
20.3604 399.544
20.3704 399.926
20.3804 400.309
20.3904 400.692
20.4004 401.075
20.4104 401.458
20.4204 401.841
20.4304 402.225
20.4404 402.609
20.4504 402.993
20.4604 403.377
20.4704 403.761
20.4804 404.146
20.4904 404.53
20.5004 404.915
20.5104 405.3
20.5204 405.685
20.5304 406.071
20.5404 406.456
20.5504 406.842
20.5604 407.228
20.5704 407.614
20.5804 408.001
20.5904 408.387
20.6004 408.774
20.6104 409.161
20.6204 409.548
20.6304 409.935
20.6404 410.322
20.6504 410.71
20.6604 411.098
20.6704 411.486
20.6804 411.874
20.6904 412.262
20.7004 412.651
20.7104 413.04
20.7204 413.428
20.7304 413.817
20.7404 414.207
20.7504 414.596
20.7604 414.986
20.7704 415.376
20.7804 415.766
20.7904 416.156
20.8004 416.546
20.8104 416.937
20.8204 417.327
20.8304 417.718
20.8404 418.109
20.8504 418.501
20.8604 418.892
20.8704 419.284
20.8804 419.675
20.8904 420.067
20.9004 420.459
20.9104 420.852
20.9204 421.244
20.9304 421.637
20.9404 422.03
20.9504 422.423
20.9604 422.816
20.9704 423.21
20.9804 423.603
20.9904 423.997
21.0004 424.391
21.0104 424.785
21.0204 425.18
21.0304 425.574
21.0404 425.969
21.0504 426.364
21.0604 426.759
21.0704 427.154
21.0804 427.549
21.0904 427.945
21.1004 428.341
21.1104 428.737
21.1204 429.133
21.1304 429.529
21.1404 429.926
21.1504 430.323
21.1604 430.72
21.1704 431.117
21.1804 431.514
21.1904 431.911
21.2004 432.309
21.2104 432.707
21.2204 433.105
21.2304 433.503
21.2404 433.902
21.2504 434.3
21.2604 434.699
21.2704 435.098
21.2804 435.497
21.2904 435.896
21.3004 436.296
21.3104 436.695
21.3204 437.095
21.3304 437.495
21.3404 437.895
21.3504 438.296
21.3604 438.696
21.3704 439.097
21.3804 439.498
21.3904 439.899
21.4004 440.3
21.4104 440.702
21.4204 441.104
21.4304 441.505
21.4404 441.908
21.4504 442.31
21.4604 442.712
21.4704 443.115
21.4804 443.518
21.4904 443.92
21.5004 444.324
21.5104 444.727
21.5204 445.13
21.5304 445.534
21.5404 445.938
21.5504 446.342
21.5604 446.746
21.5704 447.151
21.5804 447.555
21.5904 447.96
21.6004 448.365
21.6104 448.77
21.6204 449.176
21.6304 449.581
21.6404 449.987
21.6504 450.393
21.6604 450.799
21.6704 451.205
21.6804 451.611
21.6904 452.018
21.7004 452.425
21.7104 452.832
21.7204 453.239
21.7304 453.646
21.7404 454.054
21.7504 454.462
21.7604 454.869
21.7704 455.278
21.7804 455.686
21.7904 456.094
21.8004 456.503
21.8104 456.912
21.8204 457.321
21.8304 457.73
21.8404 458.139
21.8504 458.549
21.8604 458.958
21.8704 459.368
21.8804 459.779
21.8904 460.189
21.9004 460.599
21.9104 461.01
21.9204 461.421
21.9304 461.832
21.9404 462.243
21.9504 462.654
21.9604 463.066
21.9704 463.478
21.9804 463.89
21.9904 464.302
22.0004 464.714
22.0104 465.126
22.0204 465.539
22.0304 465.952
22.0404 466.365
22.0504 466.778
22.0604 467.191
22.0704 467.605
22.0804 468.019
22.0904 468.432
22.1004 468.847
22.1104 469.261
22.1204 469.675
22.1304 470.09
22.1404 470.505
22.1504 470.92
22.1604 471.335
22.1704 471.75
22.1804 472.166
22.1904 472.582
22.2004 472.998
22.2104 473.414
22.2204 473.83
22.2304 474.246
22.2404 474.663
22.2504 475.08
22.2604 475.497
22.2704 475.914
22.2804 476.332
22.2904 476.749
22.3004 477.167
22.3104 477.585
22.3204 478.003
22.3304 478.421
22.3404 478.84
22.3504 479.258
22.3604 479.677
22.3704 480.096
22.3804 480.516
22.3904 480.935
22.4004 481.354
22.4104 481.774
22.4204 482.194
22.4304 482.614
22.4404 483.035
22.4504 483.455
22.4604 483.876
22.4704 484.297
22.4804 484.718
22.4904 485.139
22.5004 485.56
22.5104 485.982
22.5204 486.404
22.5304 486.826
22.5404 487.248
22.5504 487.67
22.5604 488.093
22.5704 488.515
22.5804 488.938
22.5904 489.361
22.6004 489.785
22.6104 490.208
22.6204 490.632
22.6304 491.056
22.6404 491.479
22.6504 491.904
22.6604 492.328
22.6704 492.753
22.6804 493.177
22.6904 493.602
22.7004 494.027
22.7104 494.452
22.7204 494.878
22.7304 495.304
22.7404 495.729
22.7504 496.155
22.7604 496.582
22.7704 497.008
22.7804 497.434
22.7904 497.861
22.8004 498.288
22.8104 498.715
22.8204 499.142
22.8304 499.57
22.8404 499.998
22.8504 500.425
22.8604 500.853
22.8704 501.282
22.8804 501.71
22.8904 502.139
22.9004 502.567
22.9104 502.996
22.9204 503.425
22.9304 503.855
22.9404 504.284
22.9504 504.714
22.9604 505.144
22.9704 505.574
22.9804 506.004
22.9904 506.434
23.0004 506.865
23.0104 507.296
23.0204 507.726
23.0304 508.158
23.0404 508.589
23.0504 509.02
23.0604 509.452
23.0704 509.884
23.0804 510.316
23.0904 510.748
23.1004 511.181
23.1104 511.613
23.1204 512.046
23.1304 512.479
23.1404 512.912
23.1504 513.345
23.1604 513.779
23.1704 514.212
23.1804 514.646
23.1904 515.08
23.2004 515.514
23.2104 515.949
23.2204 516.383
23.2304 516.818
23.2404 517.253
23.2504 517.688
23.2604 518.123
23.2704 518.559
23.2804 518.995
23.2904 519.43
23.3004 519.867
23.3104 520.303
23.3204 520.739
23.3304 521.176
23.3404 521.612
23.3504 522.049
23.3604 522.487
23.3704 522.924
23.3804 523.361
23.3904 523.799
23.4004 524.237
23.4104 524.675
23.4204 525.113
23.4304 525.552
23.4404 525.99
23.4504 526.429
23.4604 526.868
23.4704 527.307
23.4804 527.746
23.4904 528.186
23.5004 528.626
23.5104 529.066
23.5204 529.506
23.5304 529.946
23.5404 530.386
23.5504 530.827
23.5604 531.268
23.5704 531.709
23.5804 532.15
23.5904 532.591
23.6004 533.033
23.6104 533.474
23.6204 533.916
23.6304 534.358
23.6404 534.801
23.6504 535.243
23.6604 535.686
23.6704 536.129
23.6804 536.572
23.6904 537.015
23.7004 537.458
23.7104 537.902
23.7204 538.345
23.7304 538.789
23.7404 539.233
23.7504 539.678
23.7604 540.122
23.7704 540.567
23.7804 541.012
23.7904 541.457
23.8004 541.902
23.8104 542.347
23.8204 542.793
23.8305 543.238
23.8405 543.684
23.8505 544.13
23.8605 544.577
23.8705 545.023
23.8805 545.47
23.8905 545.917
23.9005 546.364
23.9105 546.811
23.9205 547.258
23.9305 547.706
23.9405 548.154
23.9505 548.602
23.9605 549.05
23.9705 549.498
23.9805 549.946
23.9905 550.395
24.0005 550.844
24.0105 551.293
24.0205 551.742
24.0305 552.192
24.0405 552.641
24.0505 553.091
24.0605 553.541
24.0705 553.991
24.0805 554.441
24.0905 554.892
24.1005 555.343
24.1105 555.793
24.1205 556.245
24.1305 556.696
24.1405 557.147
24.1505 557.599
24.1605 558.051
24.1705 558.503
24.1805 558.955
24.1905 559.407
24.2005 559.859
24.2105 560.312
24.2205 560.765
24.2305 561.218
24.2405 561.671
24.2505 562.125
24.2605 562.578
24.2705 563.032
24.2805 563.486
24.2905 563.94
24.3005 564.395
24.3105 564.849
24.3205 565.304
24.3305 565.759
24.3405 566.214
24.3505 566.669
24.3605 567.125
24.3705 567.58
24.3805 568.036
24.3905 568.492
24.4005 568.948
24.4105 569.405
24.4205 569.861
24.4305 570.318
24.4405 570.775
24.4505 571.232
24.4605 571.689
24.4705 572.147
24.4805 572.604
24.4905 573.062
24.5005 573.52
24.5105 573.978
24.5205 574.437
24.5305 574.895
24.5405 575.354
24.5505 575.813
24.5605 576.272
24.5705 576.731
24.5805 577.191
24.5905 577.65
24.6005 578.11
24.6105 578.57
24.6205 579.03
24.6305 579.491
24.6405 579.951
24.6505 580.412
24.6605 580.873
24.6705 581.334
24.6805 581.796
24.6905 582.257
24.7005 582.719
24.7105 583.181
24.7205 583.643
24.7305 584.105
24.7405 584.567
24.7505 585.03
24.7605 585.493
24.7705 585.956
24.7805 586.419
24.7905 586.882
24.8005 587.345
24.8105 587.809
24.8205 588.273
24.8305 588.737
24.8405 589.201
24.8505 589.666
24.8605 590.13
24.8705 590.595
24.8805 591.06
24.8905 591.525
24.9005 591.99
24.9105 592.456
24.9205 592.921
24.9305 593.387
24.9405 593.853
24.9505 594.319
24.9605 594.786
24.9705 595.252
24.9805 595.719
24.9905 596.186
25.0005 596.653
25.0105 597.12
25.0205 597.588
25.0305 598.055
25.0405 598.523
25.0505 598.991
25.0605 599.459
25.0705 599.928
25.0805 600.396
25.0905 600.865
25.1005 601.334
25.1105 601.803
25.1205 602.272
25.1305 602.742
25.1405 603.212
25.1505 603.681
25.1605 604.151
25.1705 604.622
25.1805 605.092
25.1905 605.563
25.2005 606.033
25.2105 606.504
25.2205 606.976
25.2305 607.447
25.2405 607.918
25.2505 608.39
25.2605 608.862
25.2705 609.334
25.2805 609.806
25.2905 610.279
25.3005 610.751
25.3105 611.224
25.3205 611.697
25.3305 612.17
25.3405 612.643
25.3505 613.117
25.3605 613.591
25.3705 614.064
25.3805 614.539
25.3905 615.013
25.4005 615.487
25.4105 615.962
25.4205 616.437
25.4305 616.912
25.4405 617.387
25.4505 617.862
25.4605 618.338
25.4705 618.813
25.4805 619.289
25.4905 619.765
25.5005 620.242
25.5105 620.718
25.5205 621.195
25.5305 621.671
25.5405 622.148
25.5505 622.626
25.5605 623.103
25.5705 623.58
25.5805 624.058
25.5905 624.536
25.6005 625.014
25.6105 625.492
25.6205 625.971
25.6305 626.45
25.6405 626.928
25.6505 627.407
25.6605 627.887
25.6705 628.366
25.6805 628.845
25.6905 629.325
25.7005 629.805
25.7105 630.285
25.7205 630.766
25.7305 631.246
25.7405 631.727
25.7505 632.207
25.7605 632.688
25.7705 633.17
25.7805 633.651
25.7905 634.133
25.8005 634.614
25.8105 635.096
25.8205 635.578
25.8305 636.061
25.8405 636.543
25.8505 637.026
25.8605 637.509
25.8705 637.992
25.8805 638.475
25.8905 638.958
25.9005 639.442
25.9105 639.926
25.9205 640.41
25.9305 640.894
25.9405 641.378
25.9505 641.863
25.9605 642.347
25.9705 642.832
25.9805 643.317
25.9905 643.802
26.0005 644.288
26.0105 644.773
26.0205 645.259
26.0305 645.745
26.0405 646.231
26.0505 646.718
26.0605 647.204
26.0705 647.691
26.0805 648.178
26.0905 648.665
26.1005 649.152
26.1105 649.639
26.1205 650.127
26.1305 650.615
26.1405 651.103
26.1505 651.591
26.1605 652.079
26.1705 652.568
26.1805 653.057
26.1905 653.545
26.2005 654.035
26.2105 654.524
26.2205 655.013
26.2305 655.503
26.2405 655.993
26.2505 656.483
26.2605 656.973
26.2705 657.463
26.2805 657.954
26.2905 658.444
26.3005 658.935
26.3105 659.426
26.3205 659.918
26.3305 660.409
26.3405 660.901
26.3505 661.393
26.3605 661.885
26.3705 662.377
26.3805 662.869
26.3905 663.362
26.4005 663.854
26.4105 664.347
26.4205 664.841
26.4305 665.334
26.4405 665.827
26.4505 666.321
26.4605 666.815
26.4705 667.309
26.4805 667.803
26.4905 668.297
26.5005 668.792
26.5105 669.287
26.5205 669.782
26.5305 670.277
26.5405 670.772
26.5505 671.268
26.5605 671.763
26.5705 672.259
26.5805 672.755
26.5905 673.251
26.6005 673.748
26.6105 674.244
26.6205 674.741
26.6305 675.238
26.6405 675.735
26.6505 676.232
26.6605 676.73
26.6705 677.228
26.6805 677.725
26.6905 678.224
26.7005 678.722
26.7105 679.22
26.7205 679.719
26.7305 680.218
26.7405 680.716
26.7505 681.216
26.7605 681.715
26.7705 682.214
26.7805 682.714
26.7905 683.214
26.8005 683.714
26.8105 684.214
26.8205 684.715
26.8305 685.215
26.8405 685.716
26.8505 686.217
26.8605 686.718
26.8705 687.22
26.8805 687.721
26.8905 688.223
26.9005 688.725
26.9105 689.227
26.9205 689.729
26.9305 690.232
26.9405 690.734
26.9505 691.237
26.9605 691.74
26.9705 692.243
26.9805 692.747
26.9905 693.25
27.0005 693.754
27.0105 694.258
27.0205 694.762
27.0305 695.266
27.0405 695.771
27.0505 696.275
27.0605 696.78
27.0705 697.285
27.0805 697.79
27.0905 698.296
27.1005 698.801
27.1105 699.307
27.1205 699.813
27.1305 700.319
27.1405 700.825
27.1505 701.331
27.1605 701.838
27.1705 702.345
27.1805 702.852
27.1905 703.359
27.2005 703.866
27.2105 704.374
27.2205 704.881
27.2305 705.389
27.2405 705.897
27.2505 706.406
27.2605 706.914
27.2705 707.423
27.2805 707.931
27.2905 708.44
27.3005 708.95
27.3105 709.459
27.3205 709.968
27.3305 710.478
27.3405 710.988
27.3505 711.498
27.3605 712.008
27.3705 712.519
27.3805 713.029
27.3905 713.54
27.4005 714.051
27.4105 714.562
27.4205 715.074
27.4305 715.585
27.4405 716.097
27.4505 716.609
27.4605 717.121
27.4705 717.633
27.4805 718.146
27.4905 718.658
27.5005 719.171
27.5105 719.684
27.5205 720.197
27.5305 720.711
27.5405 721.224
27.5505 721.738
27.5605 722.252
27.5705 722.766
27.5805 723.28
27.5905 723.795
27.6005 724.309
27.6105 724.824
27.6205 725.339
27.6305 725.854
27.6405 726.37
27.6505 726.885
27.6605 727.401
27.6705 727.917
27.6805 728.433
27.6905 728.949
27.7005 729.466
27.7105 729.983
27.7205 730.499
27.7305 731.016
27.7405 731.534
27.7505 732.051
27.7605 732.569
27.7705 733.086
27.7805 733.604
27.7905 734.122
27.8005 734.641
27.8105 735.159
27.8205 735.678
27.8305 736.197
27.8405 736.716
27.8505 737.235
27.8605 737.755
27.8705 738.274
27.8805 738.794
27.8905 739.314
27.9005 739.834
27.9105 740.354
27.9205 740.875
27.9305 741.396
27.9405 741.916
27.9505 742.437
27.9605 742.959
27.9705 743.48
27.9805 744.002
27.9905 744.523
28.0005 745.045
28.0105 745.568
28.0205 746.09
28.0305 746.612
28.0405 747.135
28.0505 747.658
28.0605 748.181
28.0705 748.704
28.0805 749.228
28.0905 749.751
28.1005 750.275
28.1105 750.799
28.1205 751.323
28.1305 751.848
28.1405 752.372
28.1505 752.897
28.1605 753.422
28.1705 753.947
28.1805 754.472
28.1905 754.998
28.2006 755.523
28.2106 756.049
28.2206 756.575
28.2306 757.101
28.2406 757.628
28.2506 758.154
28.2606 758.681
28.2706 759.208
28.2806 759.735
28.2906 760.262
28.3006 760.79
28.3106 761.317
28.3206 761.845
28.3306 762.373
28.3406 762.901
28.3506 763.43
28.3606 763.958
28.3706 764.487
28.3806 765.016
28.3906 765.545
28.4006 766.075
28.4106 766.604
28.4206 767.134
28.4306 767.664
28.4406 768.194
28.4506 768.724
28.4606 769.254
28.4706 769.785
28.4806 770.315
28.4906 770.846
28.5006 771.378
28.5106 771.909
28.5206 772.44
28.5306 772.972
28.5406 773.504
28.5506 774.036
28.5606 774.568
28.5706 775.101
28.5806 775.633
28.5906 776.166
28.6006 776.699
28.6106 777.232
28.6206 777.765
28.6306 778.299
28.6406 778.833
28.6506 779.366
28.6606 779.901
28.6706 780.435
28.6806 780.969
28.6906 781.504
28.7006 782.039
28.7106 782.574
28.7206 783.109
28.7306 783.644
28.7406 784.18
28.7506 784.715
28.7606 785.251
28.7706 785.787
28.7806 786.323
28.7906 786.86
28.8006 787.397
28.8106 787.933
28.8206 788.47
28.8306 789.008
28.8406 789.545
28.8506 790.082
28.8606 790.62
28.8706 791.158
28.8806 791.696
28.8906 792.234
28.9006 792.773
28.9106 793.311
28.9206 793.85
28.9306 794.389
28.9406 794.928
28.9506 795.468
28.9606 796.007
28.9706 796.547
28.9806 797.087
28.9906 797.627
29.0006 798.167
29.0106 798.708
29.0206 799.249
29.0306 799.789
29.0406 800.33
29.0506 800.872
29.0606 801.413
29.0706 801.955
29.0806 802.496
29.0906 803.038
29.1006 803.58
29.1106 804.123
29.1206 804.665
29.1306 805.208
29.1406 805.751
29.1506 806.294
29.1606 806.837
29.1706 807.38
29.1806 807.924
29.1906 808.468
29.2006 809.012
29.2106 809.556
29.2206 810.1
29.2306 810.644
29.2406 811.189
29.2506 811.734
29.2606 812.279
29.2706 812.824
29.2806 813.37
29.2906 813.915
29.3006 814.461
29.3106 815.007
29.3206 815.553
29.3306 816.099
29.3406 816.646
29.3506 817.193
29.3606 817.74
29.3706 818.287
29.3806 818.834
29.3906 819.381
29.4006 819.929
29.4106 820.477
29.4206 821.025
29.4306 821.573
29.4406 822.121
29.4506 822.669
29.4606 823.218
29.4706 823.767
29.4806 824.316
29.4906 824.865
29.5006 825.414
29.5106 825.964
29.5206 826.514
29.5306 827.064
29.5406 827.614
29.5506 828.164
29.5606 828.715
29.5706 829.265
29.5806 829.816
29.5906 830.367
29.6006 830.918
29.6106 831.47
29.6206 832.021
29.6306 832.573
29.6406 833.125
29.6506 833.677
29.6606 834.229
29.6706 834.782
29.6806 835.335
29.6906 835.887
29.7006 836.44
29.7106 836.994
29.7206 837.547
29.7306 838.101
29.7406 838.654
29.7506 839.208
29.7606 839.763
29.7706 840.317
29.7806 840.871
29.7906 841.426
29.8006 841.981
29.8106 842.536
29.8206 843.091
29.8306 843.647
29.8406 844.202
29.8506 844.758
29.8606 845.314
29.8706 845.87
29.8806 846.427
29.8906 846.983
29.9006 847.54
29.9106 848.097
29.9206 848.654
29.9306 849.211
29.9406 849.768
29.9506 850.326
29.9606 850.884
29.9706 851.442
29.9806 852
29.9906 852.558
30.0006 853.117
